001001112
001001122
001001212
001002112
001002121
001002211
001010211
001010212
001010221
001011202
001011210
001011220
001011222
001012201
001012210
001012212
001012221
001012222
001020112
001020121
001020211
001021102
001021110
001021120
001021122
001021210
001021212
001021222
001022101
001022110
001022112
001022121
001022122
001022211
001022212
001022221
001100011
001100112
001100121
001100122
001100211
001100212
001100221
001101012
001101022
001101222
001102011
001102012
001102021
001102122
001102212
001102221
001102222
001110001
001110010
001110012
001110021
001110022
001110201
001110202
001110210
001110220
001110222
001112001
001112002
001112010
001112020
001112022
001112200
001112202
001112220
001120011
001120012
001120021
001120101
001120102
001120110
001120120
001120122
001120201
001120210
001120212
001120221
001120222
001121002
001121010
001121020
001121022
001121100
001121200
001121202
001121220
001122001
001122010
001122012
001122021
001122022
001122100
001122102
001122120
001122201
001122202
001122210
001122220
001122222
001200112
001200121
001200211
001201012
001201122
001201212
001201222
001202011
001202112
001202121
001202122
001202211
001202212
001202221
001210011
001210012
001210021
001210201
001210210
001210212
001210221
001210222
001211002
001211010
001211020
001211022
001211200
001211202
001211220
001212001
001212010
001212012
001212021
001212022
001212201
001212202
001212210
001212220
001212222
001220011
001220101
001220110
001220112
001220121
001220122
001220211
001220212
001220221
001221010
001221012
001221022
001221100
001221102
001221120
001221202
001221210
001221220
001221222
001222011
001222012
001222021
001222101
001222102
001222110
001222120
001222122
001222201
001222210
001222212
001222221
001222222
002001112
002001121
002001211
002010112
002010121
002010211
002011101
002011102
002011110
002011120
002011122
002011201
002011210
002011212
002011221
002011222
002012101
002012110
002012112
002012121
002012122
002012211
002012212
002012221
002021101
002021110
002021112
002021121
002021122
002021211
002021212
002021221
002022112
002022121
002022211
002100112
002100121
002100211
002101011
002101012
002101021
002101122
002101212
002101221
002101222
002102011
002102112
002102121
002102122
002102211
002102212
002102221
002110011
002110012
002110021
002110101
002110102
002110110
002110120
002110122
002110201
002110210
002110212
002110221
002110222
002112001
002112010
002112012
002112021
002112022
002112100
002112102
002112120
002112201
002112202
002112210
002112220
002112222
002120011
002120101
002120110
002120112
002120121
002120122
002120211
002120212
002120221
002121001
002121010
002121012
002121021
002121022
002121100
002121102
002121120
002121201
002121202
002121210
002121220
002121222
002122011
002122012
002122021
002122101
002122102
002122110
002122120
002122122
002122201
002122210
002122212
002122221
002122222
002201011
002201112
002201121
002201122
002201211
002201212
002201221
002202112
002202121
002202211
002210011
002210101
002210110
002210112
002210121
002210122
002210211
002210212
002210221
002211001
002211010
002211012
002211021
002211022
002211100
002211102
002211120
002211201
002211202
002211210
002211220
002211222
002212011
002212012
002212021
002212101
002212102
002212110
002212120
002212122
002212201
002212210
002212212
002212221
002212222
002220112
002220121
002220211
002221011
002221012
002221021
002221101
002221102
002221110
002221120
002221122
002221201
002221210
002221212
002221221
002221222
002222011
002222101
002222110
002222112
002222121
002222122
002222211
002222212
002222221
010001101
010001112
010001121
010001122
010001211
010001212
010001221
010002112
010002121
010002211
010010101
010010121
010010122
010010221
010011100
010011102
010011120
010011201
010011202
010011220
010011222
010012101
010012102
010012120
010012122
010012201
010012221
010012222
010020112
010020121
010020211
010021101
010021102
010021110
010021120
010021122
010021201
010021210
010021212
010021221
010021222
010022101
010022110
010022112
010022121
010022122
010022211
010022212
010022221
010100101
010100112
010100121
010100122
010100211
010100212
010100221
010101102
010101201
010101202
010101222
010102101
010102102
010102122
010102201
010102212
010102221
010102222
010110001
010110021
010110022
010110102
010110201
010110202
010110222
010112001
010112002
010112020
010112022
010112100
010112200
010112202
010112220
010120011
010120012
010120021
010120101
010120102
010120122
010120201
010120212
010120221
010120222
010121001
010121002
010121010
010121020
010121022
010121100
010121200
010121202
010121220
010122001
010122010
010122012
010122021
010122022
010122100
010122102
010122120
010122201
010122202
010122210
010122220
010122222
010200112
010200121
010200211
010201101
010201102
010201122
010201201
010201212
010201221
010201222
010202101
010202112
010202121
010202122
010202211
010202212
010202221
010210021
010210101
010210102
010210122
010210201
010210221
010210222
010211001
010211002
010211020
010211022
010211100
010211200
010211202
010211220
010212001
010212021
010212022
010212100
010212102
010212120
010212201
010212202
010212220
010212222
010220011
010220101
010220112
010220121
010220122
010220211
010220212
010220221
010221001
010221010
010221012
010221021
010221022
010221100
010221102
010221120
010221201
010221202
010221210
010221220
010221222
010222011
010222012
010222021
010222101
010222102
010222110
010222120
010222122
010222201
010222210
010222212
010222221
010222222
011001102
011001202
011001222
011002101
011002102
011002122
011002201
011002212
011002221
011002222
011010201
011010202
011010220
011010222
011011200
011012200
011012202
011012220
011020101
011020102
011020110
011020120
011020122
011020201
011020210
011020212
011020221
011020222
011021100
011021200
011021202
011021220
011022100
011022102
011022120
011022201
011022202
011022210
011022220
011022222
011100001
011100012
011100021
011100022
011100102
011100201
011100202
011100222
011101002
011102001
011102002
011102022
011102202
011110002
011110020
011110200
011120001
011120002
011120010
011120020
011120022
011120100
011120200
011120202
011120220
011122002
011122020
011122200
011200011
011200012
011200021
011200101
011200102
011200122
011200201
011200212
011200221
011200222
011201002
011201022
011201202
011202001
011202012
011202021
011202022
011202102
011202201
011202202
011202222
011210001
011210002
011210020
011210022
011210200
011210202
011210220
011212002
011212020
011212200
011220001
011220010
011220012
011220021
011220022
011220100
011220102
011220120
011220201
011220202
011220210
011220220
011220222
011221002
011221020
011221200
011222001
011222002
011222010
011222020
011222022
011222100
011222200
011222202
011222220
012001101
012001102
012001122
012001201
012001212
012001221
012001222
012002101
012002112
012002121
012002122
012002211
012002212
012002221
012010101
012010102
012010120
012010122
012010201
012010221
012010222
012011100
012011200
012011202
012011220
012012100
012012102
012012120
012012201
012012202
012012220
012012222
012020101
012020110
012020112
012020121
012020122
012020211
012020212
012020221
012021100
012021102
012021120
012021201
012021202
012021210
012021220
012021222
012022101
012022102
012022110
012022120
012022122
012022201
012022210
012022212
012022221
012022222
012100011
012100012
012100021
012100101
012100102
012100122
012100201
012100212
012100221
012100222
012101001
012101002
012101022
012101202
012102001
012102012
012102021
012102022
012102102
012102201
012102202
012102222
012110001
012110002
012110020
012110022
012110100
012110200
012110202
012110220
012112002
012112020
012112200
012120001
012120010
012120012
012120021
012120022
012120100
012120102
012120120
012120201
012120202
012120210
012120220
012120222
012121002
012121020
012121200
012122001
012122002
012122010
012122020
012122022
012122100
012122200
012122202
012122220
012200011
012200101
012200112
012200121
012200122
012200211
012200212
012200221
012201001
012201012
012201021
012201022
012201102
012201201
012201202
012201222
012202011
012202012
012202021
012202101
012202102
012202122
012202201
012202212
012202221
012202222
012210001
012210021
012210022
012210100
012210102
012210120
012210201
012210202
012210220
012210222
012211002
012211020
012211200
012212001
012212002
012212020
012212022
012212100
012212200
012212202
012212220
012220011
012220012
012220021
012220101
012220102
012220110
012220120
012220122
012220201
012220210
012220212
012220221
012220222
012221001
012221002
012221010
012221020
012221022
012221100
012221200
012221202
012221220
012222001
012222010
012222012
012222021
012222022
012222100
012222102
012222120
012222201
012222202
012222210
012222220
012222222
020001112
020001121
020001211
020010112
020010121
020010211
020011101
020011102
020011110
020011120
020011122
020011201
020011210
020011212
020011221
020011222
020012101
020012110
020012112
020012121
020012122
020012211
020012212
020012221
020021101
020021110
020021112
020021121
020021122
020021211
020021212
020021221
020022112
020022121
020022211
020100112
020100121
020100211
020101101
020101102
020101122
020101201
020101212
020101221
020101222
020102101
020102112
020102121
020102122
020102211
020102212
020102221
020110011
020110012
020110021
020110101
020110102
020110122
020110201
020110212
020110221
020110222
020112001
020112010
020112012
020112021
020112022
020112100
020112102
020112120
020112201
020112202
020112210
020112220
020112222
020120011
020120101
020120112
020120121
020120122
020120211
020120212
020120221
020121001
020121010
020121012
020121021
020121022
020121100
020121102
020121120
020121201
020121202
020121210
020121220
020121222
020122011
020122012
020122021
020122101
020122102
020122110
020122120
020122122
020122201
020122210
020122212
020122221
020122222
020201101
020201112
020201121
020201122
020201211
020201212
020201221
020202112
020202121
020202211
020210011
020210101
020210112
020210121
020210122
020210211
020210212
020210221
020211001
020211010
020211012
020211021
020211022
020211100
020211102
020211120
020211201
020211202
020211210
020211220
020211222
020212011
020212012
020212021
020212101
020212102
020212110
020212120
020212122
020212201
020212210
020212212
020212221
020212222
020220112
020220121
020220211
020221011
020221012
020221021
020221101
020221102
020221110
020221120
020221122
020221201
020221210
020221212
020221221
020221222
020222011
020222101
020222110
020222112
020222121
020222122
020222211
020222212
020222221
021001102
021001122
021001212
021001222
021002101
021002112
021002121
021002122
021002211
021002212
021002221
021010201
021010210
021010212
021010221
021010222
021011200
021011202
021011220
021012201
021012202
021012210
021012220
021012222
021020101
021020110
021020112
021020121
021020122
021020211
021020212
021020221
021021100
021021102
021021120
021021202
021021210
021021220
021021222
021022101
021022102
021022110
021022120
021022122
021022201
021022210
021022212
021022221
021022222
021100011
021100012
021100021
021100101
021100102
021100122
021100201
021100212
021100221
021100222
021101002
021101022
021101202
021102001
021102012
021102021
021102022
021102102
021102201
021102202
021102222
021110001
021110002
021110010
021110020
021110022
021110200
021110202
021110220
021112002
021112020
021112200
021120001
021120010
021120012
021120021
021120022
021120100
021120102
021120120
021120201
021120202
021120210
021120220
021120222
021121002
021121020
021121200
021122001
021122002
021122010
021122020
021122022
021122100
021122200
021122202
021122220
021200011
021200101
021200112
021200121
021200122
021200211
021200212
021200221
021201012
021201022
021201102
021201202
021201222
021202011
021202012
021202021
021202101
021202102
021202122
021202201
021202212
021202221
021202222
021210001
021210010
021210012
021210021
021210022
021210201
021210202
021210210
021210220
021210222
021211002
021211020
021211200
021212001
021212002
021212010
021212020
021212022
021212200
021212202
021212220
021220011
021220012
021220021
021220101
021220102
021220110
021220120
021220122
021220201
021220210
021220212
021220221
021220222
021221002
021221010
021221020
021221022
021221100
021221200
021221202
021221220
021222001
021222010
021222012
021222021
021222022
021222100
021222102
021222120
021222201
021222202
021222210
021222220
021222222
022001101
022001112
022001121
022001122
022001211
022001212
022001221
022002112
022002121
022002211
022010101
022010110
022010112
022010121
022010122
022010211
022010212
022010221
022011100
022011102
022011120
022011201
022011202
022011210
022011220
022011222
022012101
022012102
022012110
022012120
022012122
022012201
022012210
022012212
022012221
022012222
022020112
022020121
022020211
022021101
022021102
022021110
022021120
022021122
022021201
022021210
022021212
022021221
022021222
022022101
022022110
022022112
022022121
022022122
022022211
022022212
022022221
022100011
022100101
022100112
022100121
022100122
022100211
022100212
022100221
022101001
022101012
022101021
022101022
022101102
022101201
022101202
022101222
022102011
022102012
022102021
022102101
022102102
022102122
022102201
022102212
022102221
022102222
022110001
022110010
022110012
022110021
022110022
022110100
022110102
022110120
022110201
022110202
022110210
022110220
022110222
022112001
022112002
022112010
022112020
022112022
022112100
022112200
022112202
022112220
022120011
022120012
022120021
022120101
022120102
022120110
022120120
022120122
022120201
022120210
022120212
022120221
022120222
022121001
022121002
022121010
022121020
022121022
022121100
022121200
022121202
022121220
022122001
022122010
022122012
022122021
022122022
022122100
022122102
022122120
022122201
022122202
022122210
022122220
022122222
022200112
022200121
022200211
022201011
022201012
022201021
022201101
022201102
022201122
022201201
022201212
022201221
022201222
022202011
022202101
022202112
022202121
022202122
022202211
022202212
022202221
022210011
022210012
022210021
022210101
022210102
022210110
022210120
022210122
022210201
022210210
022210212
022210221
022210222
022211001
022211002
022211010
022211020
022211022
022211100
022211200
022211202
022211220
022212001
022212010
022212012
022212021
022212022
022212100
022212102
022212120
022212201
022212202
022212210
022212220
022212222
022220011
022220101
022220110
022220112
022220121
022220122
022220211
022220212
022220221
022221001
022221010
022221012
022221021
022221022
022221100
022221102
022221120
022221201
022221202
022221210
022221220
022221222
022222011
022222012
022222021
022222101
022222102
022222110
022222120
022222122
022222201
022222210
022222212
022222221
022222222
100001110
100001112
100001121
100001122
100001211
100001212
100001221
100002112
100002121
100002211
100010112
100010122
100010212
100011010
100011012
100011022
100011100
100011102
100011120
100011202
100011210
100011220
100011222
100012012
100012102
100012110
100012120
100012122
100012210
100012212
100012222
100020112
100020121
100020211
100021011
100021012
100021021
100021101
100021102
100021110
100021120
100021122
100021201
100021210
100021212
100021221
100021222
100022011
100022101
100022110
100022112
100022121
100022122
100022211
100022212
100022221
100100211
100100212
100100221
100101210
100101220
100101222
100102210
100102212
100102221
100102222
100110012
100110022
100110202
100110222
100112002
100112010
100112020
100112022
100112200
100112202
100112220
100120011
100120012
100120021
100120201
100120212
100120221
100120222
100121001
100121002
100121010
100121020
100121022
100121200
100121202
100121220
100122001
100122010
100122012
100122021
100122022
100122201
100122202
100122210
100122220
100122222
100200112
100200121
100200211
100201110
100201120
100201122
100201210
100201212
100201221
100201222
100202110
100202112
100202121
100202122
100202211
100202212
100202221
100210012
100210102
100210122
100210212
100210222
100211002
100211010
100211020
100211022
100211100
100211200
100211202
100211220
100212010
100212012
100212022
100212100
100212102
100212120
100212202
100212210
100212220
100212222
100220011
100220101
100220112
100220121
100220122
100220211
100220212
100220221
100221001
100221010
100221012
100221021
100221022
100221100
100221102
100221120
100221201
100221202
100221210
100221220
100221222
100222011
100222012
100222021
100222101
100222102
100222110
100222120
100222122
100222201
100222210
100222212
100222221
100222222
101001010
101001012
101001022
101001120
101001210
101001220
101001222
101002011
101002012
101002021
101002110
101002120
101002122
101002210
101002212
101002221
101002222
101010010
101010012
101010022
101010202
101010210
101010220
101010222
101011002
101011020
101011200
101012002
101012010
101012020
101012022
101012200
101012202
101012220
101020011
101020012
101020021
101020101
101020102
101020110
101020120
101020122
101020201
101020210
101020212
101020221
101020222
101021002
101021010
101021020
101021022
101021100
101021200
101021202
101021220
101022001
101022010
101022012
101022021
101022022
101022100
101022102
101022120
101022201
101022202
101022210
101022220
101022222
101100010
101100012
101100021
101100022
101100210
101100220
101100222
101101020
101102010
101102020
101102022
101102220
101110002
101110020
101110200
101120001
101120002
101120010
101120020
101120022
101120200
101120202
101120220
101122002
101122020
101122200
101200011
101200012
101200021
101200110
101200120
101200122
101200210
101200212
101200221
101200222
101201010
101201020
101201022
101201220
101202010
101202012
101202021
101202022
101202120
101202210
101202220
101202222
101210002
101210010
101210020
101210022
101210200
101210202
101210220
101212002
101212020
101212200
101220001
101220010
101220012
101220021
101220022
101220100
101220102
101220120
101220201
101220202
101220210
101220220
101220222
101221002
101221020
101221200
101222001
101222002
101222010
101222020
101222022
101222100
101222200
101222202
101222220
102001011
102001012
102001021
102001110
102001120
102001122
102001210
102001212
102001221
102001222
102002011
102002110
102002112
102002121
102002122
102002211
102002212
102002221
102010012
102010102
102010110
102010120
102010122
102010210
102010212
102010222
102011002
102011010
102011020
102011022
102011100
102011200
102011202
102011220
102012010
102012012
102012022
102012100
102012102
102012120
102012202
102012210
102012220
102012222
102020011
102020101
102020110
102020112
102020121
102020122
102020211
102020212
102020221
102021001
102021010
102021012
102021021
102021022
102021100
102021102
102021120
102021201
102021202
102021210
102021220
102021222
102022011
102022012
102022021
102022101
102022102
102022110
102022120
102022122
102022201
102022210
102022212
102022221
102022222
102100011
102100012
102100021
102100210
102100212
102100221
102100222
102101010
102101020
102101022
102101220
102102010
102102012
102102021
102102022
102102210
102102220
102102222
102110002
102110010
102110020
102110022
102110200
102110202
102110220
102112002
102112020
102112200
102120001
102120010
102120012
102120021
102120022
102120201
102120202
102120210
102120220
102120222
102121002
102121020
102121200
102122001
102122002
102122010
102122020
102122022
102122200
102122202
102122220
102200011
102200110
102200112
102200121
102200122
102200211
102200212
102200221
102201010
102201012
102201021
102201022
102201120
102201210
102201220
102201222
102202011
102202012
102202021
102202110
102202120
102202122
102202210
102202212
102202221
102202222
102210010
102210012
102210022
102210100
102210102
102210120
102210202
102210210
102210220
102210222
102211002
102211020
102211200
102212002
102212010
102212020
102212022
102212100
102212200
102212202
102212220
102220011
102220012
102220021
102220101
102220102
102220110
102220120
102220122
102220201
102220210
102220212
102220221
102220222
102221001
102221002
102221010
102221020
102221022
102221100
102221200
102221202
102221220
102222001
102222010
102222012
102222021
102222022
102222100
102222102
102222120
102222201
102222202
102222210
102222220
102222222
110001100
110001102
110001120
110001201
110001202
110001210
110001220
110001222
110002101
110002102
110002110
110002120
110002122
110002201
110002210
110002212
110002221
110002222
110010022
110010102
110010202
110010222
110011002
110011020
110011200
110012002
110012020
110012022
110012100
110012200
110012202
110012220
110020011
110020012
110020021
110020101
110020102
110020122
110020201
110020212
110020221
110020222
110021001
110021002
110021010
110021020
110021022
110021100
110021200
110021202
110021220
110022001
110022010
110022012
110022021
110022022
110022100
110022102
110022120
110022201
110022202
110022210
110022220
110022222
110100201
110100202
110100222
110101200
110102200
110102202
110102220
110110002
110120001
110120002
110120022
110120202
110122002
110122020
110122200
110200101
110200102
110200122
110200201
110200212
110200221
110200222
110201100
110201200
110201202
110201220
110202100
110202102
110202120
110202201
110202202
110202210
110202220
110202222
110210002
110210022
110210202
110212002
110212020
110212200
110220001
110220012
110220021
110220022
110220102
110220201
110220202
110220222
110221002
110221020
110221200
110222001
110222002
110222010
110222020
110222022
110222100
110222200
110222202
110222220
112001001
112001002
112001010
112001020
112001022
112001100
112001200
112001202
112001220
112002001
112002010
112002012
112002021
112002022
112002100
112002102
112002120
112002201
112002202
112002210
112002220
112002222
112010002
112010020
112010022
112010100
112010200
112010202
112010220
112012002
112012020
112012200
112020001
112020010
112020012
112020021
112020022
112020100
112020102
112020120
112020201
112020202
112020210
112020220
112020222
112021002
112021020
112021200
112022001
112022002
112022010
112022020
112022022
112022100
112022200
112022202
112022220
112100001
112100002
112100010
112100020
112100022
112100200
112100202
112100220
112102002
112102020
112102200
112120002
112120020
112120200
112200001
112200010
112200012
112200021
112200022
112200100
112200102
112200120
112200201
112200202
112200210
112200220
112200222
112201002
112201020
112201200
112202001
112202002
112202010
112202020
112202022
112202100
112202200
112202202
112202220
112210002
112210020
112210200
112220001
112220002
112220010
112220020
112220022
112220100
112220200
112220202
112220220
112222002
112222020
112222200
120001101
120001102
120001110
120001120
120001122
120001201
120001210
120001212
120001221
120001222
120002101
120002110
120002112
120002121
120002122
120002211
120002212
120002221
120010012
120010102
120010122
120010212
120010222
120011002
120011010
120011020
120011022
120011100
120011200
120011202
120011220
120012010
120012012
120012022
120012100
120012102
120012120
120012202
120012210
120012220
120012222
120020011
120020101
120020112
120020121
120020122
120020211
120020212
120020221
120021001
120021010
120021012
120021021
120021022
120021100
120021102
120021120
120021201
120021202
120021210
120021220
120021222
120022011
120022012
120022021
120022101
120022102
120022110
120022120
120022122
120022201
120022210
120022212
120022221
120022222
120100201
120100212
120100221
120100222
120101200
120101202
120101220
120102201
120102202
120102210
120102220
120102222
120110002
120110022
120110202
120112002
120112020
120112200
120120001
120120012
120120021
120120022
120120201
120120202
120120222
120121002
120121020
120121200
120122001
120122002
120122010
120122020
120122022
120122200
120122202
120122220
120200101
120200112
120200121
120200122
120200211
120200212
120200221
120201100
120201102
120201120
120201201
120201202
120201210
120201220
120201222
120202101
120202102
120202110
120202120
120202122
120202201
120202210
120202212
120202221
120202222
120210012
120210022
120210102
120210202
120210222
120211002
120211020
120211200
120212002
120212010
120212020
120212022
120212100
120212200
120212202
120212220
120220011
120220012
120220021
120220101
120220102
120220122
120220201
120220212
120220221
120220222
120221001
120221002
120221010
120221020
120221022
120221100
120221200
120221202
120221220
120222001
120222010
120222012
120222021
120222022
120222100
120222102
120222120
120222201
120222202
120222210
120222220
120222222
121001002
121001010
121001020
121001022
121001100
121001200
121001202
121001220
121002001
121002010
121002012
121002021
121002022
121002100
121002102
121002120
121002201
121002202
121002210
121002220
121002222
121010002
121010010
121010020
121010022
121010200
121010202
121010220
121012002
121012020
121012200
121020001
121020010
121020012
121020021
121020022
121020100
121020102
121020120
121020201
121020202
121020210
121020220
121020222
121021002
121021020
121021200
121022001
121022002
121022010
121022020
121022022
121022100
121022200
121022202
121022220
121100001
121100002
121100010
121100020
121100022
121100200
121100202
121100220
121102002
121102020
121102200
121120002
121120020
121120200
121200001
121200010
121200012
121200021
121200022
121200100
121200102
121200120
121200201
121200202
121200210
121200220
121200222
121201002
121201020
121201200
121202001
121202002
121202010
121202020
121202022
121202100
121202200
121202202
121202220
121210002
121210020
121210200
121220001
121220002
121220010
121220020
121220022
121220100
121220200
121220202
121220220
121222002
121222020
121222200
122001001
122001010
122001012
122001021
122001022
122001100
122001102
122001120
122001201
122001202
122001210
122001220
122001222
122002011
122002012
122002021
122002101
122002102
122002110
122002120
122002122
122002201
122002210
122002212
122002221
122002222
122010010
122010012
122010022
122010100
122010102
122010120
122010202
122010210
122010220
122010222
122011002
122011020
122011200
122012002
122012010
122012020
122012022
122012100
122012200
122012202
122012220
122020011
122020012
122020021
122020101
122020102
122020110
122020120
122020122
122020201
122020210
122020212
122020221
122020222
122021001
122021002
122021010
122021020
122021022
122021100
122021200
122021202
122021220
122022001
122022010
122022012
122022021
122022022
122022100
122022102
122022120
122022201
122022202
122022210
122022220
122022222
122100001
122100010
122100012
122100021
122100022
122100201
122100202
122100210
122100220
122100222
122101002
122101020
122101200
122102001
122102002
122102010
122102020
122102022
122102200
122102202
122102220
122110002
122110020
122110200
122120001
122120002
122120010
122120020
122120022
122120200
122120202
122120220
122122002
122122020
122122200
122200011
122200012
122200021
122200101
122200102
122200110
122200120
122200122
122200201
122200210
122200212
122200221
122200222
122201001
122201002
122201010
122201020
122201022
122201100
122201200
122201202
122201220
122202001
122202010
122202012
122202021
122202022
122202100
122202102
122202120
122202201
122202202
122202210
122202220
122202222
122210002
122210010
122210020
122210022
122210100
122210200
122210202
122210220
122212002
122212020
122212200
122220001
122220010
122220012
122220021
122220022
122220100
122220102
122220120
122220201
122220202
122220210
122220220
122220222
122221002
122221020
122221200
122222001
122222002
122222010
122222020
122222022
122222100
122222200
122222202
122222220
200001112
200001121
200001211
200010112
200010121
200010211
200011011
200011012
200011021
200011101
200011102
200011110
200011120
200011122
200011201
200011210
200011212
200011221
200011222
200012011
200012101
200012110
200012112
200012121
200012122
200012211
200012212
200012221
200021011
200021101
200021110
200021112
200021121
200021122
200021211
200021212
200021221
200022112
200022121
200022211
200100112
200100121
200100211
200101110
200101120
200101122
200101210
200101212
200101221
200101222
200102110
200102112
200102121
200102122
200102211
200102212
200102221
200110011
200110012
200110021
200110101
200110102
200110122
200110201
200110212
200110221
200110222
200112001
200112010
200112012
200112021
200112022
200112100
200112102
200112120
200112201
200112202
200112210
200112220
200112222
200120011
200120101
200120112
200120121
200120122
200120211
200120212
200120221
200121001
200121010
200121012
200121021
200121022
200121100
200121102
200121120
200121201
200121202
200121210
200121220
200121222
200122011
200122012
200122021
200122101
200122102
200122110
200122120
200122122
200122201
200122210
200122212
200122221
200122222
200201110
200201112
200201121
200201122
200201211
200201212
200201221
200202112
200202121
200202211
200210011
200210101
200210112
200210121
200210122
200210211
200210212
200210221
200211001
200211010
200211012
200211021
200211022
200211100
200211102
200211120
200211201
200211202
200211210
200211220
200211222
200212011
200212012
200212021
200212101
200212102
200212110
200212120
200212122
200212201
200212210
200212212
200212221
200212222
200220112
200220121
200220211
200221011
200221012
200221021
200221101
200221102
200221110
200221120
200221122
200221201
200221210
200221212
200221221
200221222
200222011
200222101
200222110
200222112
200222121
200222122
200222211
200222212
200222221
201001012
201001110
201001120
201001122
201001210
201001212
201001222
201002011
201002110
201002112
201002121
201002122
201002211
201002212
201002221
201010011
201010012
201010021
201010201
201010210
201010212
201010221
201010222
201011002
201011010
201011020
201011022
201011200
201011202
201011220
201012001
201012010
201012012
201012021
201012022
201012201
201012202
201012210
201012220
201012222
201020011
201020101
201020110
201020112
201020121
201020122
201020211
201020212
201020221
201021010
201021012
201021022
201021100
201021102
201021120
201021202
201021210
201021220
201021222
201022011
201022012
201022021
201022101
201022102
201022110
201022120
201022122
201022201
201022210
201022212
201022221
201022222
201100011
201100012
201100021
201100110
201100120
201100122
201100210
201100212
201100221
201100222
201101010
201101020
201101022
201101220
201102010
201102012
201102021
201102022
201102120
201102210
201102220
201102222
201110001
201110002
201110010
201110020
201110022
201110200
201110202
201110220
201112002
201112020
201112200
201120001
201120010
201120012
201120021
201120022
201120100
201120102
201120120
201120201
201120202
201120210
201120220
201120222
201121002
201121020
201121200
201122001
201122002
201122010
201122020
201122022
201122100
201122200
201122202
201122220
201200011
201200110
201200112
201200121
201200122
201200211
201200212
201200221
201201010
201201012
201201022
201201120
201201210
201201220
201201222
201202011
201202012
201202021
201202110
201202120
201202122
201202210
201202212
201202221
201202222
201210001
201210010
201210012
201210021
201210022
201210201
201210202
201210210
201210220
201210222
201211002
201211020
201211200
201212001
201212002
201212010
201212020
201212022
201212200
201212202
201212220
201220011
201220012
201220021
201220101
201220102
201220110
201220120
201220122
201220201
201220210
201220212
201220221
201220222
201221002
201221010
201221020
201221022
201221100
201221200
201221202
201221220
201222001
201222010
201222012
201222021
201222022
201222100
201222102
201222120
201222201
201222202
201222210
201222220
201222222
202001011
202001110
202001112
202001121
202001122
202001211
202001212
202001221
202002112
202002121
202002211
202010011
202010101
202010110
202010112
202010121
202010122
202010211
202010212
202010221
202011001
202011010
202011012
202011021
202011022
202011100
202011102
202011120
202011201
202011202
202011210
202011220
202011222
202012011
202012012
202012021
202012101
202012102
202012110
202012120
202012122
202012201
202012210
202012212
202012221
202012222
202020112
202020121
202020211
202021011
202021012
202021021
202021101
202021102
202021110
202021120
202021122
202021201
202021210
202021212
202021221
202021222
202022011
202022101
202022110
202022112
202022121
202022122
202022211
202022212
202022221
202100011
202100110
202100112
202100121
202100122
202100211
202100212
202100221
202101010
202101012
202101021
202101022
202101120
202101210
202101220
202101222
202102011
202102012
202102021
202102110
202102120
202102122
202102210
202102212
202102221
202102222
202110001
202110010
202110012
202110021
202110022
202110100
202110102
202110120
202110201
202110202
202110210
202110220
202110222
202112001
202112002
202112010
202112020
202112022
202112100
202112200
202112202
202112220
202120011
202120012
202120021
202120101
202120102
202120110
202120120
202120122
202120201
202120210
202120212
202120221
202120222
202121001
202121002
202121010
202121020
202121022
202121100
202121200
202121202
202121220
202122001
202122010
202122012
202122021
202122022
202122100
202122102
202122120
202122201
202122202
202122210
202122220
202122222
202200112
202200121
202200211
202201011
202201012
202201021
202201110
202201120
202201122
202201210
202201212
202201221
202201222
202202011
202202110
202202112
202202121
202202122
202202211
202202212
202202221
202210011
202210012
202210021
202210101
202210102
202210110
202210120
202210122
202210201
202210210
202210212
202210221
202210222
202211001
202211002
202211010
202211020
202211022
202211100
202211200
202211202
202211220
202212001
202212010
202212012
202212021
202212022
202212100
202212102
202212120
202212201
202212202
202212210
202212220
202212222
202220011
202220101
202220110
202220112
202220121
202220122
202220211
202220212
202220221
202221001
202221010
202221012
202221021
202221022
202221100
202221102
202221120
202221201
202221202
202221210
202221220
202221222
202222011
202222012
202222021
202222101
202222102
202222110
202222120
202222122
202222201
202222210
202222212
202222221
202222222
210001101
210001102
210001110
210001120
210001122
210001201
210001210
210001212
210001221
210001222
210002101
210002110
210002112
210002121
210002122
210002211
210002212
210002221
210010021
210010101
210010102
210010122
210010201
210010221
210010222
210011001
210011002
210011020
210011022
210011100
210011200
210011202
210011220
210012001
210012021
210012022
210012100
210012102
210012120
210012201
210012202
210012220
210012222
210020011
210020101
210020112
210020121
210020122
210020211
210020212
210020221
210021001
210021010
210021012
210021021
210021022
210021100
210021102
210021120
210021201
210021202
210021210
210021220
210021222
210022011
210022012
210022021
210022101
210022102
210022110
210022120
210022122
210022201
210022210
210022212
210022221
210022222
210100101
210100102
210100122
210100201
210100212
210100221
210100222
210101100
210101200
210101202
210101220
210102100
210102102
210102120
210102201
210102202
210102210
210102220
210102222
210110001
210110002
210110022
210110202
210112002
210112020
210112200
210120001
210120012
210120021
210120022
210120102
210120201
210120202
210120222
210121002
210121020
210121200
210122001
210122002
210122010
210122020
210122022
210122100
210122200
210122202
210122220
210200101
210200112
210200121
210200122
210200211
210200212
210200221
210201100
210201102
210201120
210201201
210201202
210201210
210201220
210201222
210202101
210202102
210202110
210202120
210202122
210202201
210202210
210202212
210202221
210202222
210210001
210210021
210210022
210210102
210210201
210210202
210210222
210211002
210211020
210211200
210212001
210212002
210212020
210212022
210212100
210212200
210212202
210212220
210220011
210220012
210220021
210220101
210220102
210220122
210220201
210220212
210220221
210220222
210221001
210221002
210221010
210221020
210221022
210221100
210221200
210221202
210221220
210222001
210222010
210222012
210222021
210222022
210222100
210222102
210222120
210222201
210222202
210222210
210222220
210222222
211001002
211001010
211001020
211001022
211001100
211001200
211001202
211001220
211002001
211002010
211002012
211002021
211002022
211002100
211002102
211002120
211002201
211002202
211002210
211002220
211002222
211010001
211010002
211010020
211010022
211010200
211010202
211010220
211012002
211012020
211012200
211020001
211020010
211020012
211020021
211020022
211020100
211020102
211020120
211020201
211020202
211020210
211020220
211020222
211021002
211021020
211021200
211022001
211022002
211022010
211022020
211022022
211022100
211022200
211022202
211022220
211100001
211100002
211100010
211100020
211100022
211100100
211100200
211100202
211100220
211102002
211102020
211102200
211120002
211120020
211120200
211200001
211200010
211200012
211200021
211200022
211200100
211200102
211200120
211200201
211200202
211200210
211200220
211200222
211201002
211201020
211201200
211202001
211202002
211202010
211202020
211202022
211202100
211202200
211202202
211202220
211210002
211210020
211210200
211220001
211220002
211220010
211220020
211220022
211220100
211220200
211220202
211220220
211222002
211222020
211222200
212001001
212001010
212001012
212001021
212001022
212001100
212001102
212001120
212001201
212001202
212001210
212001220
212001222
212002011
212002012
212002021
212002101
212002102
212002110
212002120
212002122
212002201
212002210
212002212
212002221
212002222
212010001
212010021
212010022
212010100
212010102
212010120
212010201
212010202
212010220
212010222
212011002
212011020
212011200
212012001
212012002
212012020
212012022
212012100
212012200
212012202
212012220
212020011
212020012
212020021
212020101
212020102
212020110
212020120
212020122
212020201
212020210
212020212
212020221
212020222
212021001
212021002
212021010
212021020
212021022
212021100
212021200
212021202
212021220
212022001
212022010
212022012
212022021
212022022
212022100
212022102
212022120
212022201
212022202
212022210
212022220
212022222
212100001
212100010
212100012
212100021
212100022
212100100
212100102
212100120
212100201
212100202
212100210
212100220
212100222
212101002
212101020
212101200
212102001
212102002
212102010
212102020
212102022
212102100
212102200
212102202
212102220
212110002
212110020
212110200
212120001
212120002
212120010
212120020
212120022
212120100
212120200
212120202
212120220
212122002
212122020
212122200
212200011
212200012
212200021
212200101
212200102
212200110
212200120
212200122
212200201
212200210
212200212
212200221
212200222
212201001
212201002
212201010
212201020
212201022
212201100
212201200
212201202
212201220
212202001
212202010
212202012
212202021
212202022
212202100
212202102
212202120
212202201
212202202
212202210
212202220
212202222
212210001
212210002
212210020
212210022
212210100
212210200
212210202
212210220
212212002
212212020
212212200
212220001
212220010
212220012
212220021
212220022
212220100
212220102
212220120
212220201
212220202
212220210
212220220
212220222
212221002
212221020
212221200
212222001
212222002
212222010
212222020
212222022
212222100
212222200
212222202
212222220
220001101
220001110
220001112
220001121
220001122
220001211
220001212
220001221
220002112
220002121
220002211
220010011
220010101
220010112
220010121
220010122
220010211
220010212
220010221
220011001
220011010
220011012
220011021
220011022
220011100
220011102
220011120
220011201
220011202
220011210
220011220
220011222
220012011
220012012
220012021
220012101
220012102
220012110
220012120
220012122
220012201
220012210
220012212
220012221
220012222
220020112
220020121
220020211
220021011
220021012
220021021
220021101
220021102
220021110
220021120
220021122
220021201
220021210
220021212
220021221
220021222
220022011
220022101
220022110
220022112
220022121
220022122
220022211
220022212
220022221
220100101
220100112
220100121
220100122
220100211
220100212
220100221
220101100
220101102
220101120
220101201
220101202
220101210
220101220
220101222
220102101
220102102
220102110
220102120
220102122
220102201
220102210
220102212
220102221
220102222
220110001
220110012
220110021
220110022
220110102
220110201
220110202
220110222
220112001
220112002
220112010
220112020
220112022
220112100
220112200
220112202
220112220
220120011
220120012
220120021
220120101
220120102
220120122
220120201
220120212
220120221
220120222
220121001
220121002
220121010
220121020
220121022
220121100
220121200
220121202
220121220
220122001
220122010
220122012
220122021
220122022
220122100
220122102
220122120
220122201
220122202
220122210
220122220
220122222
220200112
220200121
220200211
220201101
220201102
220201110
220201120
220201122
220201201
220201210
220201212
220201221
220201222
220202101
220202110
220202112
220202121
220202122
220202211
220202212
220202221
220210011
220210012
220210021
220210101
220210102
220210122
220210201
220210212
220210221
220210222
220211001
220211002
220211010
220211020
220211022
220211100
220211200
220211202
220211220
220212001
220212010
220212012
220212021
220212022
220212100
220212102
220212120
220212201
220212202
220212210
220212220
220212222
220220011
220220101
220220112
220220121
220220122
220220211
220220212
220220221
220221001
220221010
220221012
220221021
220221022
220221100
220221102
220221120
220221201
220221202
220221210
220221220
220221222
220222011
220222012
220222021
220222101
220222102
220222110
220222120
220222122
220222201
220222210
220222212
220222221
220222222
221001010
221001012
221001022
221001100
221001102
221001120
221001202
221001210
221001220
221001222
221002011
221002012
221002021
221002101
221002102
221002110
221002120
221002122
221002201
221002210
221002212
221002221
221002222
221010001
221010010
221010012
221010021
221010022
221010201
221010202
221010210
221010220
221010222
221011002
221011020
221011200
221012001
221012002
221012010
221012020
221012022
221012200
221012202
221012220
221020011
221020012
221020021
221020101
221020102
221020110
221020120
221020122
221020201
221020210
221020212
221020221
221020222
221021002
221021010
221021020
221021022
221021100
221021200
221021202
221021220
221022001
221022010
221022012
221022021
221022022
221022100
221022102
221022120
221022201
221022202
221022210
221022220
221022222
221100001
221100010
221100012
221100021
221100022
221100100
221100102
221100120
221100201
221100202
221100210
221100220
221100222
221101002
221101020
221101200
221102001
221102002
221102010
221102020
221102022
221102100
221102200
221102202
221102220
221110002
221110020
221110200
221120001
221120002
221120010
221120020
221120022
221120100
221120200
221120202
221120220
221122002
221122020
221122200
221200011
221200012
221200021
221200101
221200102
221200110
221200120
221200122
221200201
221200210
221200212
221200221
221200222
221201002
221201010
221201020
221201022
221201100
221201200
221201202
221201220
221202001
221202010
221202012
221202021
221202022
221202100
221202102
221202120
221202201
221202202
221202210
221202220
221202222
221210001
221210002
221210010
221210020
221210022
221210200
221210202
221210220
221212002
221212020
221212200
221220001
221220010
221220012
221220021
221220022
221220100
221220102
221220120
221220201
221220202
221220210
221220220
221220222
221221002
221221020
221221200
221222001
221222002
221222010
221222020
221222022
221222100
221222200
221222202
221222220
222001011
222001012
222001021
222001101
222001102
222001110
222001120
222001122
222001201
222001210
222001212
222001221
222001222
222002011
222002101
222002110
222002112
222002121
222002122
222002211
222002212
222002221
222010011
222010012
222010021
222010101
222010102
222010110
222010120
222010122
222010201
222010210
222010212
222010221
222010222
222011001
222011002
222011010
222011020
222011022
222011100
222011200
222011202
222011220
222012001
222012010
222012012
222012021
222012022
222012100
222012102
222012120
222012201
222012202
222012210
222012220
222012222
222020011
222020101
222020110
222020112
222020121
222020122
222020211
222020212
222020221
222021001
222021010
222021012
222021021
222021022
222021100
222021102
222021120
222021201
222021202
222021210
222021220
222021222
222022011
222022012
222022021
222022101
222022102
222022110
222022120
222022122
222022201
222022210
222022212
222022221
222022222
222100011
222100012
222100021
222100101
222100102
222100110
222100120
222100122
222100201
222100210
222100212
222100221
222100222
222101001
222101002
222101010
222101020
222101022
222101100
222101200
222101202
222101220
222102001
222102010
222102012
222102021
222102022
222102100
222102102
222102120
222102201
222102202
222102210
222102220
222102222
222110001
222110002
222110010
222110020
222110022
222110100
222110200
222110202
222110220
222112002
222112020
222112200
222120001
222120010
222120012
222120021
222120022
222120100
222120102
222120120
222120201
222120202
222120210
222120220
222120222
222121002
222121020
222121200
222122001
222122002
222122010
222122020
222122022
222122100
222122200
222122202
222122220
222200011
222200101
222200110
222200112
222200121
222200122
222200211
222200212
222200221
222201001
222201010
222201012
222201021
222201022
222201100
222201102
222201120
222201201
222201202
222201210
222201220
222201222
222202011
222202012
222202021
222202101
222202102
222202110
222202120
222202122
222202201
222202210
222202212
222202221
222202222
222210001
222210010
222210012
222210021
222210022
222210100
222210102
222210120
222210201
222210202
222210210
222210220
222210222
222211002
222211020
222211200
222212001
222212002
222212010
222212020
222212022
222212100
222212200
222212202
222212220
222220011
222220012
222220021
222220101
222220102
222220110
222220120
222220122
222220201
222220210
222220212
222220221
222220222
222221001
222221002
222221010
222221020
222221022
222221100
222221200
222221202
222221220
222222001
222222010
222222012
222222021
222222022
222222100
222222102
222222120
222222201
222222202
222222210
222222220
222222222